[gd_scene format=3 uid="uid://cfx1rqvxuku42"]

[ext_resource type="PackedScene" uid="uid://bsg5g6qsvepfc" path="res://resources/Knight.glb" id="1_7a525"]
[ext_resource type="Script" uid="uid://ckk4e44ekuhpf" path="res://demo/players/dummy_player/DummyStateInterpolation.cs" id="3_ewmdr"]

[sub_resource type="AnimationNodeAnimation" id="AnimationNodeAnimation_kv5mh"]
animation = &"Idle"

[sub_resource type="AnimationNodeAnimation" id="AnimationNodeAnimation_87ku5"]
animation = &"Jump_Full_Long"

[sub_resource type="AnimationNodeAnimation" id="AnimationNodeAnimation_df7y4"]
animation = &"Running_A"

[sub_resource type="AnimationNodeStateMachineTransition" id="AnimationNodeStateMachineTransition_3jlh5"]
xfade_time = 0.2
advance_mode = 2
advance_condition = &"run"

[sub_resource type="AnimationNodeStateMachineTransition" id="AnimationNodeStateMachineTransition_l4e0v"]
xfade_time = 0.2
advance_mode = 2
advance_condition = &"idle"

[sub_resource type="AnimationNodeStateMachineTransition" id="AnimationNodeStateMachineTransition_3t1r1"]
advance_mode = 2

[sub_resource type="AnimationNodeStateMachineTransition" id="AnimationNodeStateMachineTransition_xn3g4"]
xfade_time = 0.2
advance_mode = 2
advance_condition = &"jump"

[sub_resource type="AnimationNodeStateMachineTransition" id="AnimationNodeStateMachineTransition_5pjuw"]
xfade_time = 0.2
switch_mode = 2
advance_mode = 2

[sub_resource type="AnimationNodeStateMachine" id="AnimationNodeStateMachine_dd6xu"]
states/Idle/node = SubResource("AnimationNodeAnimation_kv5mh")
states/Idle/position = Vector2(388, 49)
states/Jump_Full_Long/node = SubResource("AnimationNodeAnimation_87ku5")
states/Jump_Full_Long/position = Vector2(640, 43)
states/Running_A/node = SubResource("AnimationNodeAnimation_df7y4")
states/Running_A/position = Vector2(470, 140)
transitions = ["Idle", "Running_A", SubResource("AnimationNodeStateMachineTransition_3jlh5"), "Running_A", "Idle", SubResource("AnimationNodeStateMachineTransition_l4e0v"), "Start", "Idle", SubResource("AnimationNodeStateMachineTransition_3t1r1"), "Idle", "Jump_Full_Long", SubResource("AnimationNodeStateMachineTransition_xn3g4"), "Jump_Full_Long", "Idle", SubResource("AnimationNodeStateMachineTransition_5pjuw")]

[node name="DummyPlayer" unique_id=1072408299 instance=ExtResource("1_7a525")]

[node name="ClientInterpolatedEntity" type="Node" parent="." index="0" unique_id=511178044 node_paths=PackedStringArray("_parent", "_skeleton", "_animTree")]
script = ExtResource("3_ewmdr")
_parent = NodePath("..")
_skeleton = NodePath("../Rig/Skeleton3D")
_animTree = NodePath("../AnimationTree")
metadata/_custom_type_script = "uid://dimg286suceeh"

[node name="Skeleton3D" parent="Rig" parent_id_path=PackedInt32Array(1195354397) index="0" unique_id=1960111751]
bones/1/position = Vector3(0, 0.38408178, 0)
bones/1/rotation = Quaternion(-1.11122625e-10, 0.043157753, 2.5724098e-09, 0.9990683)
bones/2/rotation = Quaternion(-6.938893e-18, 7.1054274e-15, 4.93038e-32, 1)
bones/3/rotation = Quaternion(8.271806e-25, 3.7252903e-09, -2.75506e-40, 1)
bones/4/position = Vector3(0.21200736, 0.13413203, 7.9299625e-08)
bones/4/rotation = Quaternion(-0.5542629, -0.06345769, -0.65657103, 0.50762224)
bones/4/scale = Vector3(0.999999, 0.999999, 1)
bones/5/rotation = Quaternion(2.0928725e-08, -6.1120126e-08, -0.47425494, 0.88038754)
bones/6/rotation = Quaternion(-9.73784e-11, -2.98437e-10, 0.0266581, 0.999645)
bones/6/scale = Vector3(1, 1, 1)
bones/7/rotation = Quaternion(-0.31711414, -0.32681143, 0.13442375, 0.8800928)
bones/8/position = Vector3(8.348433e-10, 0.096125185, -0.057500035)
bones/8/rotation = Quaternion(0.0016081155, 0.001608115, -0.7011779, 0.7129827)
bones/8/scale = Vector3(1, 1, 1)
bones/14/position = Vector3(-0.21200737, 0.13413203, 8.6813984e-08)
bones/14/rotation = Quaternion(-0.61358935, 0.08342426, 0.62927157, 0.46964425)
bones/14/scale = Vector3(0.999999, 0.999999, 1)
bones/15/rotation = Quaternion(-1.0853069e-08, 5.5857242e-08, 0.4984235, 0.8669337)
bones/16/rotation = Quaternion(-9.73784e-11, 2.98437e-10, -0.0266581, 0.999645)
bones/16/scale = Vector3(1, 1, 1)
bones/17/rotation = Quaternion(-0.3155348, 0.30087754, -0.2160483, 0.87363243)
bones/18/position = Vector3(-1.573599e-08, 0.096125126, -0.057499975)
bones/18/rotation = Quaternion(0.0036351846, 0.0042817113, 0.7033179, 0.71085334)
bones/18/scale = Vector3(1, 1, 1)
bones/21/rotation = Quaternion(-5.8060785e-11, -0.031341746, -1.880125e-09, 0.99950874)
bones/24/position = Vector3(0.17094508, 0.1135872, 1.5994095e-08)
bones/24/rotation = Quaternion(0.9926469, 0.083139054, 0.07589239, 0.044502772)
bones/24/scale = Vector3(1, 1, 1)
bones/25/rotation = Quaternion(0.28304172, 6.508059e-08, -1.984862e-07, 0.9591076)
bones/26/rotation = Quaternion(-0.5630244, -0.20649663, 0.057349734, 0.79816896)
bones/27/rotation = Quaternion(-9.740654e-09, 0.9203548, -0.39108446, 7.830904e-08)
bones/27/scale = Vector3(1, 1, 1)
bones/28/position = Vector3(-0.17094508, 0.11358732, 1.557549e-08)
bones/28/rotation = Quaternion(0.9953811, -0.030939067, 0.030836916, 0.08548893)
bones/28/scale = Vector3(1, 1, 1)
bones/29/rotation = Quaternion(0.34199637, -6.23124e-08, 2.3710788e-07, 0.9397013)
bones/30/rotation = Quaternion(-0.59523326, 0.113938466, -0.014408851, 0.79530364)
bones/31/rotation = Quaternion(3.035913e-08, 0.9203548, -0.39108446, -6.953383e-08)
bones/31/scale = Vector3(1, 1, 1)
bones/32/rotation = Quaternion(0.7071068, -2.2930234e-07, -4.6055177e-08, 0.7071068)
bones/33/position = Vector3(0.20218208, 0.025990263, 0.20518117)
bones/33/rotation = Quaternion(-0.7071068, -7.052851e-08, -7.0528486e-08, 0.7071068)
bones/34/rotation = Quaternion(9.6579225e-09, 1.7795515e-09, 0.98571914, -0.1683977)
bones/35/position = Vector3(-2.6049376e-08, 0.21343614, -5.171498e-09)
bones/35/rotation = Quaternion(-1.012734e-07, 0.39108434, 0.92035484, -3.3509146e-08)
bones/36/position = Vector3(8.589881e-09, 0.16565004, -2.4096307e-09)
bones/37/rotation = Quaternion(1, -2.3313629e-09, 1.9977652e-07, -1.3421114e-15)
bones/39/rotation = Quaternion(0.7071068, -3.823849e-08, 1.4500867e-07, 0.7071068)
bones/40/rotation = Quaternion(-0.7071068, -7.0528515e-08, -7.05285e-08, 0.7071068)
bones/41/rotation = Quaternion(-5.8358944e-09, 6.4383693e-10, 0.9948094, 0.10175614)
bones/42/position = Vector3(-1.114822e-08, 0.21343614, -2.5094192e-15)
bones/42/rotation = Quaternion(-1.05795515e-07, 0.39108434, 0.92035484, -2.5864264e-08)
bones/43/position = Vector3(-6.3112755e-09, 0.16565004, 2.7069498e-09)
bones/43/rotation = Quaternion(-0.391084, -6.885e-08, -6.56287e-08, 0.920355)
bones/44/rotation = Quaternion(1, 3.7652574e-09, 1.9487908e-07, 7.4505815e-09)
bones/46/rotation = Quaternion(-0.7071068, -7.279511e-08, -7.279509e-08, 0.7071068)
bones/47/position = Vector3(0.52084064, 0.77224565, -0.057637356)
bones/47/rotation = Quaternion(0.7946267, -1.1175871e-07, 0.6070983, -5.9604645e-08)
bones/48/rotation = Quaternion(-0.7071068, -7.279511e-08, -7.279509e-08, 0.7071068)
bones/49/position = Vector3(-0.5108437, 0.7722456, 0.059736915)
bones/49/rotation = Quaternion(-0.7582528, -1.527369e-07, 0.65196073, -1.1175871e-08)

[node name="1H_Sword_Offhand" parent="Rig/Skeleton3D" index="0" unique_id=2030517068]
transform = Transform3D(1.8609637e-06, 0.2628639, 0.9648323, 0.9998493, -0.016694257, 0.004547217, 0.017302945, 0.96468776, -0.2628242, 0.5119555, 0.61951894, -0.0036209524)
visible = false

[node name="Badge_Shield" parent="Rig/Skeleton3D" index="1" unique_id=1655915214]
transform = Transform3D(1.8833819e-06, 0.2628637, 0.96483237, 0.99984926, -0.016696794, 0.0045478805, 0.017305568, 0.96468776, -0.262824, 0.6623587, 0.6202279, -0.044591393)
visible = false

[node name="Rectangle_Shield" parent="Rig/Skeleton3D" index="2" unique_id=1771328974]
transform = Transform3D(1.8833819e-06, 0.2628637, 0.96483237, 0.99984926, -0.016696794, 0.0045478805, 0.017305568, 0.96468776, -0.262824, 0.6623587, 0.6202279, -0.044591393)
visible = false

[node name="Round_Shield" parent="Rig/Skeleton3D" index="3" unique_id=1604893389]
transform = Transform3D(1.8833819e-06, 0.2628637, 0.96483237, 0.99984926, -0.016696794, 0.0045478805, 0.017305568, 0.96468776, -0.262824, 0.6623587, 0.6202279, -0.044591393)
visible = false

[node name="Spike_Shield" parent="Rig/Skeleton3D" index="4" unique_id=1571152058]
transform = Transform3D(1.8833819e-06, 0.2628637, 0.96483237, 0.99984926, -0.016696794, 0.0045478805, 0.017305568, 0.96468776, -0.262824, 0.6623587, 0.6202279, -0.044591393)
visible = false

[node name="1H_Sword" parent="Rig/Skeleton3D" index="5" unique_id=791462155]
transform = Transform3D(-0.0025607313, -0.16094086, 0.98696005, 0.999942, -0.010661861, 0.00085488596, 0.010385632, 0.9869058, 0.16095886, -0.49639586, 0.6235193, 0.13798392)
visible = false

[node name="2H_Sword" parent="Rig/Skeleton3D" index="6" unique_id=255004988]
transform = Transform3D(-0.0025607473, -0.16094086, 0.98696005, 0.999942, -0.010661876, 0.00085489964, 0.010385645, 0.9869058, 0.16095886, -0.49639586, 0.6235193, 0.13798392)

[node name="Knight_Helmet" parent="Rig/Skeleton3D" index="7" unique_id=630444165]
transform = Transform3D(0.9997204, -1.4014349e-09, 0.023646597, 1.3934147e-09, 0.99999994, 3.5568634e-10, -0.023646597, -3.226374e-10, 0.9997204, 4.6986912e-07, 1.1943095, -1.197793e-07)

[node name="Knight_Cape" parent="Rig/Skeleton3D" index="8" unique_id=1445776601]
transform = Transform3D(0.9962748, -5.1496167e-09, 0.08623532, 5.1304343e-09, 0.99999994, 4.4407705e-10, -0.08623532, 1.8800716e-15, 0.9962748, -1.6302259e-08, 1.1943096, -1.4013642e-07)

[node name="AnimationTree" type="AnimationTree" parent="." index="3" unique_id=1945591538]
tree_root = SubResource("AnimationNodeStateMachine_dd6xu")
anim_player = NodePath("../AnimationPlayer")
parameters/conditions/idle = true
parameters/conditions/jump = false
parameters/conditions/run = false
